lapis
adrian
andre
10 9 2018 
20 10 2018 
0 
1 
caneca
adriana
adriel
15 8 2018 
25 10 2018 
0 
1 
caderno
allan
adrian
29 10 2018 
21 9 2019 
0 
1 
0
0
0
0 0 0 
0 0 0 
0 
0 
0
0
0
0 0 0 
0 0 0 
0 
0 
0
0
0
0 0 0 
0 0 0 
0 
0 
0
0
0
0 0 0 
0 0 0 
0 
0 
0
0
0
0 0 0 
0 0 0 
0 
0 
0
0
0
0 0 0 
0 0 0 
0 
0 
0
0
0
0 0 0 
0 0 0 
0 
0 
0
0
0
0 0 0 
0 0 0 
0 
0 
0
0
0
0 0 0 
0 0 0 
0 
0 
0
0
0
0 0 0 
0 0 0 
0 
0 
0
0
0
0 0 0 
0 0 0 
0 
0 
0
0
0
0 0 0 
0 0 0 
0 
0 
0
0
0
0 0 0 
0 0 0 
0 
0 
0
0
0
0 0 0 
0 0 0 
0 
0 
0
0
0
0 0 0 
0 0 0 
0 
0 
0
0
0
0 0 0 
0 0 0 
0 
0 
0
0
0
0 0 0 
0 0 0 
0 
0 
0
0
0
0 0 0 
0 0 0 
0 
0 
0
0
0
0 0 0 
0 0 0 
0 
0 
0
0
0
0 0 0 
0 0 0 
0 
0 
0
0
0
0 0 0 
0 0 0 
0 
0 
0
0
0
0 0 0 
0 0 0 
0 
0 
0
0
0
0 0 0 
0 0 0 
0 
0 
0
0
0
0 0 0 
0 0 0 
0 
0 
0
0
0
0 0 0 
0 0 0 
0 
0 
0
0
0
0 0 0 
0 0 0 
0 
0 
0
0
0
0 0 0 
0 0 0 
0 
0 
0
0
0
0 0 0 
0 0 0 
0 
0 
0
0
0
0 0 0 
0 0 0 
0 
0 
0
0
0
0 0 0 
0 0 0 
0 
0 
0
0
0
0 0 0 
0 0 0 
0 
0 
0
0
0
0 0 0 
0 0 0 
0 
0 
0
0
0
0 0 0 
0 0 0 
0 
0 
0
0
0
0 0 0 
0 0 0 
0 
0 
0
0
0
0 0 0 
0 0 0 
0 
0 
0
0
0
0 0 0 
0 0 0 
0 
0 
0
0
0
0 0 0 
0 0 0 
0 
0 
0
0
0
0 0 0 
0 0 0 
0 
0 
0
0
0
0 0 0 
0 0 0 
0 
0 
0
0
0
0 0 0 
0 0 0 
0 
0 
0
0
0
0 0 0 
0 0 0 
0 
0 
0
0
0
0 0 0 
0 0 0 
0 
0 
0
0
0
0 0 0 
0 0 0 
0 
0 
0
0
0
0 0 0 
0 0 0 
0 
0 
0
0
0
0 0 0 
0 0 0 
0 
0 
0
0
0
0 0 0 
0 0 0 
0 
0 
0
0
0
0 0 0 
0 0 0 
0 
0 
